vec 26
1.485246e+01
1.579741e+01
1.663629e+01
1.698390e+01
1.708107e+01
1.745045e+01
1.752832e+01
1.758490e+01
1.746364e+01
1.743286e+01
1.744198e+01
1.735617e+01
1.735499e+01
1.730315e+01
1.726894e+01
1.729055e+01
1.728198e+01
1.718504e+01
1.712417e+01
1.710584e+01
1.715915e+01
1.723995e+01
1.730050e+01
1.728485e+01
1.728487e+01
1.729697e+01
vec 26
2.764144e-01
2.703758e-01
2.584008e-01
2.514187e-01
2.496835e-01
2.436650e-01
2.391809e-01
2.393867e-01
2.416821e-01
2.443231e-01
2.473226e-01
2.507182e-01
2.540205e-01
2.566869e-01
2.590701e-01
2.611003e-01
2.630226e-01
2.658522e-01
2.699072e-01
2.724641e-01
2.723619e-01
2.699174e-01
2.670183e-01
2.660550e-01
2.658852e-01
2.637595e-01
